2024 5 1 2024 5 1 101 001 200 已完成 9.9
2024 5 2 2024 5 3 101 001 400 已完成 9
2024 5 4 2024 5 4 101 001 200 已完成 9.01
2024 5 6 2024 5 7 102 001 200 已完成 -1
2024 5 9 2024 5 10 101 001 1200 已取消 -1
2024 5 9 2024 5 9 102 euler 100 已完成 -1
2024 5 9 2024 5 10 103 001 400 已完成 -1
2024 5 11 2024 5 11 102 001 300 已完成 -1
2024 5 12 2024 5 14 101 001 1200 已完成 9.9
2024 5 12 2024 5 13 102 001 200 已完成 -1
2024 5 20 2024 5 21 102 231880210 800 已完成 -1
2024 5 23 2024 5 24 102 001 500 未完成 -1
2024 5 25 2024 5 26 102 001 400 已取消 -1
2024 5 26 2024 5 27 102 001 500 未完成 -1
2024 5 30 2024 5 31 102 001 500 未完成 -1
